#atom-number random-number(0,32767)
1 6468
2 25121
3 26950
4 29714
5 19155
6 8833
7 31742
8 29722
9 2893
10 11385
11 27177
12 13721
13 21591
14 16581
15 29130
16 16855
17 5640
18 6765
19 2523
20 8610
21 10990
22 29502
23 27597
24 29082
25 19798
26 28182
27 9683
28 19245
29 32624
30 21340
31 27837
32 30159
33 31575
34 14777
35 16571
36 28076
37 28623
38 2768
39 5873
40 17359
41 24935
42 25435
43 5902
44 18230
45 25823
46 31864
47 19622
48 17076
49 18021
50 14659
51 4579
52 29594
53 5616
54 29561
55 16268
56 1435
57 15903
58 904
59 24538
60 5788
61 31852
62 17805
63 18924
64 18928
65 27286
66 11198
67 30332
68 20407
69 32045
70 18486
71 23514
72 23721
73 3752
74 30061
75 29655
76 13826
77 25919
78 6274
79 10034
80 30859
81 29437
82 247
83 3036
84 20117
85 16964
86 2831
87 9254
88 22000
89 4005
90 7163
91 14105
92 23486
93 9025
94 4134
95 16657
96 22226
97 10131
98 14725
99 21859
100 3526
101 25845
102 12048
103 30596
104 13968
105 23873
106 28597
107 29643
108 10970
109 32368
110 8585
111 22933
112 29611
113 30055
114 28874
115 2867
116 27914
117 24594
118 24841
119 7000
120 19638
121 26180
122 3126
123 28265
124 16532
125 26825
126 603
127 9406
128 17187
129 21719
130 4619
131 13841
132 21441
133 24862
134 12281
135 3697
136 17253
137 23339
138 9339
139 25840
140 24197
141 25971
142 17303
143 4664
144 18728
145 11749
146 17046
147 10257
148 18947
149 22183
150 13484
151 12208
152 31483
153 17742
154 14450
155 30357
156 31209
157 26974
158 25363
159 12716
160 25670
161 27442
162 28886
163 12739
164 20755
165 29901
166 23683
167 16907
168 14206
169 28278
170 19259
171 13403
172 31210
173 17293
174 2254
175 16069
176 12634
177 19979
178 832
179 14392
180 12876
181 17483
182 21188
183 4587
184 10950
185 831
186 27468
187 4336
188 20423
189 24169
190 2454
191 10948
192 21544
193 17436
194 22234
195 9652
196 4819
197 5549
198 27166
199 111
200 13992
201 3915
202 13696
203 1119
204 7052
205 9207
206 30322
207 29410
208 31424
209 30188
210 8627
211 15141
212 21787
213 3405
214 31814
215 11075
216 851
217 4083
218 24462
219 1793
220 10496
221 5820
222 18118
223 9516
224 10745
225 27897
226 30371
227 7014
228 31984
229 12182
230 25727
231 2284
232 4846
233 26388
234 29705
235 22606
236 9953
237 22080
238 10553
239 4956
240 9325
241 15881
242 31657
243 28447
244 7226
245 27184
246 15037
247 32427
248 16054
249 23026
250 18577
251 23815
252 21544
253 14510
254 31585
255 19446
256 13360
257 27130
258 23713
259 8892
260 8502
261 877
262 16604
263 21592
264 6351
265 26127
266 16127
267 31251
268 19971
269 25492
270 14243
271 2389
272 2025
273 211
274 19039
275 23051
276 22152
277 6768
278 527
279 27109
280 24867
281 1342
282 21936
283 14420
284 13451
285 17208
286 13246
287 8383
288 4974
289 19607
290 29422
291 10623
292 32735
293 11097
294 32451
295 28094
296 8750
297 16331
298 1599
299 27222
300 21658
301 4477
302 31077
303 30448
304 25520
305 2001
306 1532
307 4438
308 26518
309 848
310 6762
311 18729
312 22251
313 8378
314 28252
315 7157
316 18379
317 7474
318 30922
319 27154
320 2879
321 32258
322 3392
323 3004
324 16910
325 18713
326 24542
327 2153
328 24479
329 4511
330 869
331 31349
332 26153
333 14380
334 9419
335 21917
336 2932
337 12289
338 18194
339 7924
340 17478
341 7406
342 31098
343 30136
344 19160
345 25958
346 15223
347 7896
348 11409
349 5532
350 3375
351 22394
352 24963
353 7785
354 17074
355 1685
356 23798
357 23173
358 1280
359 6023
360 18044
361 19608
362 25844
363 7153
364 16645
365 26672
366 20409
367 7533
368 32091
369 7805
370 30288
371 14599
372 20789
373 4815
374 2818
375 32636
376 29132
377 19546
378 20052
379 11744
380 30981
381 4687
382 9664
383 13606
384 5849
385 13055
386 8847
387 10019
388 6183
389 19406
390 26951
391 24396
392 20494
393 29154
394 922
395 19581
396 27142
397 27760
398 30672
399 7210
400 19803
401 23456
402 15943
403 26063
404 14754
405 29711
406 14243
407 30194
408 536
409 16706
410 31099
411 15100
412 16450
413 20020
414 29839
415 11995
416 27630
417 31940
418 27726
419 9005
420 7626
421 23650
422 17278
423 16002
424 4774
425 6718
426 3262
427 15259
428 27078
429 3498
430 15123
431 14780
432 1101
433 13958
434 25997
435 24484
436 13625
437 31675
438 27628
439 29133
440 1825
441 15077
442 24414
443 25668
444 23852
445 16588
446 23299
447 29062
448 14277
449 14450
450 29709
451 13923
452 21395
453 10043
454 18104
455 8341
456 29776
457 23315
458 4177
459 23912
460 13738
461 20911
462 27380
463 1155
464 23330
465 16569
466 24359
467 16104
468 8289
469 3002
470 2813
471 7345
472 22176
473 28900
474 10791
475 10387
476 1517
477 17678
478 16175
479 23736
480 24062
481 53
482 21337
483 20741
484 30231
485 9790
486 780
487 14803
488 6213
489 3354
490 25567
491 8518
492 9302
493 11321
494 31602
495 22187
496 11367
497 28781
498 20426
499 31692
500 19077
501 7191
502 26337
503 32587
504 22918
505 10914
506 17896
507 12773
508 20507
509 28321
510 12287
511 19402
512 30754
513 7577
514 26983
515 17933
516 11937
517 5903
518 11219
519 29172
520 2091
521 26723
522 24617
523 27708
524 5582
525 21826
526 8926
527 17549
528 22847
529 27179
530 31711
531 12455
532 18359
533 29722
534 7290
535 26176
536 10128
537 4082
538 7819
539 29818
540 10254
541 2533
542 20416
543 30606
544 12044
545 30328
546 32329
547 10439
548 19948
549 27732
550 9470
551 16797
552 24742
553 29859
554 21865
555 3804
556 17862
557 31025
558 18669
559 1182
560 21147
561 26487
562 31646
563 27037
564 5208
565 24856
566 5919
567 7404
568 7197
569 28210
570 22279
571 16947
572 20433
573 22371
574 28968
575 10976
576 1198
577 5731
578 4430
579 21972
580 6971
581 32764
582 6842
583 23218
584 8480
585 23863
586 32075
587 1165
588 30502
589 12290
590 2058
591 32556
592 18382
593 17094
594 1162
595 9790
596 20193
597 28984
598 18142
599 26674
600 32503
601 13049
602 17353
603 26971
604 31545
605 13563
606 7970
607 10145
608 25063
609 22730
610 22101
611 4630
612 1372
613 4156
614 3153
615 21537
616 26181
617 2436
618 27693
619 8018
620 30359
621 27193
622 1664
623 23236
624 16022
625 14727
626 7461
627 7918
628 20567
629 8868
630 2354
631 22107
632 11898
633 9252
634 28855
635 12631
636 7094
637 6374
638 19732
639 10848
640 14451
641 13373
642 14601
643 18112
644 12989
645 17947
646 20529
647 6500
648 20006
649 22481
650 10082
651 17952
652 6664
653 9116
654 5704
655 5220
656 32313
657 9761
658 24161
659 27655
660 28649
661 21780
662 26612
663 5807
664 24231
665 25575
666 7358
667 16801
668 2921
669 26883
670 3582
671 23622
672 10375
673 26274
674 27091
675 29399
676 8203
677 2450
678 30829
679 30409
680 14647
681 9921
682 6699
683 9952
684 3732
685 23399
686 28825
687 2562
688 23533
689 31754
690 5084
691 6622
692 30370
693 23758
694 3292
695 28981
696 31095
697 5715
698 30180
699 10372
700 13187
701 6965
702 29083
703 10273
704 20607
705 30917
706 3781
707 1354
708 23230
709 14456
710 7037
711 28491
712 31305
713 6994
714 28526
715 22122
716 3389
717 22314
718 18568
719 6572
720 4763
721 23122
722 30009
723 8241
724 9947
725 13794
726 17506
727 13841
728 14665
729 16492
730 13022
731 26489
732 1179
733 7308
734 30144
735 25825
736 16451
737 7793
738 14083
739 18820
740 13943
741 31674
742 12522
743 10268
744 29564
745 31698
746 24733
747 2859
748 26215
749 12269
750 5005
751 15575
752 5352
753 26760
754 1565
755 4181
756 24990
757 31624
758 27976
759 27243
760 23818
761 23060
762 6670
763 26771
764 22773
765 30429
766 19848
767 30482
768 32109
769 22242
770 12493
771 11975
772 11667
773 20548
774 19809
775 18491
776 14869
777 29033
778 30070
779 24227
780 30942
781 3007
782 29598
783 16794
784 1203
785 11237
786 6787
787 14237
788 20896
789 1602
790 13329
791 26869
792 21207
793 22983
794 28381
795 8095
796 18893
797 2339
798 2968
799 23652
800 32431
801 20953
802 18226
803 18634
804 32294
805 5873
806 19115
807 25157
808 25819
809 5425
810 7596
811 18653
812 32045
813 29221
814 8419
815 24405
816 26773
817 12194
818 3414
819 19681
820 5710
821 4337
822 29602
823 28496
824 14949
825 26158
826 32611
827 24192
828 17907
829 29471
830 6662
831 20715
832 17003
833 15519
834 5559
835 18318
836 31793
837 19437
838 21794
839 26941
840 17096
841 12508
842 1129
843 18906
844 16524
845 18859
846 16921
847 15258
848 21962
849 1947
850 29195
851 27510
852 28180
853 13407
854 9841
855 2456
856 4319
857 25496
858 11802
859 1699
860 4194
861 25595
862 7829
863 26023
864 31747
865 30642
866 31202
867 14781
868 262
869 398
870 13487
871 4825
872 15389
873 19802
874 30962
875 7379
876 4506
877 21639
878 4496
879 21006
880 24395
881 25184
882 24185
883 2971
884 6723
885 28602
886 17648
887 11479
888 2433
889 6421
890 24036
891 17321
892 17456
893 28550
894 27798
895 9649
896 24745
897 18624
898 22587
899 14856
900 12194
901 29002
902 22089
903 32140
904 12691
905 31245
906 7582
907 8323
908 8686
909 12292
910 8909
911 28567
912 24916
913 150
914 21222
915 21187
916 13038
917 21562
918 574
919 23444
920 2535
921 15575
922 28606
923 25058
924 2959
925 6806
926 3215
927 18982
928 16335
929 31143
930 27204
931 19572
932 9060
933 15388
934 28857
935 9939
936 5868
937 1739
938 11067
939 2492
940 21647
941 16988
942 20526
943 11778
944 18713
945 12135
946 21697
947 27144
948 663
949 11333
950 12063
951 30170
952 15
953 31629
954 1004
955 13418
956 18651
957 30955
958 24472
959 7205
960 30138
961 24749
962 16532
963 2811
964 5415
965 24431
966 7781
967 13930
968 14501
969 2862
970 14744
971 25437
972 19659
973 23599
974 18155
975 4438
976 27938
977 11488
978 32539
979 3845
980 20029
981 20732
982 11411
983 3027
984 27036
985 20403
986 12933
987 27431
988 4685
989 13442
990 3951
991 1365
992 21960
993 6421
994 23639
995 5609
996 12022
997 26154
998 6232
999 25676
1000 793
1001 1425
1002 16287
1003 13702
1004 15660
1005 28421
1006 55
1007 17444
1008 24105
1009 1213
1010 20789
1011 11554
1012 16530
1013 1213
1014 27478
1015 3971
1016 6635
1017 18015
1018 15520
1019 481
1020 7214
1021 22915
1022 28918
1023 22112
1024 23637
1025 3838
1026 3954
1027 12602
1028 3529
1029 24824
1030 1274
1031 5527
1032 11623
1033 4483
1034 29756
1035 18827
1036 1426
1037 25607
1038 20739
1039 30505
1040 22013
1041 9694
1042 23860
1043 12583
1044 21617
1045 30970
1046 889
1047 11582
1048 4830
1049 31136
1050 16589
1051 1696
1052 12599
1053 23377
1054 25378
1055 30419
1056 26643
1057 24258
1058 22346
1059 23643
1060 3597
1061 22008
1062 16492
1063 6678
1064 27085
1065 28558
1066 4459
1067 10617
1068 5760
1069 23341
1070 15809
1071 32613
1072 4636
1073 11505
1074 21116
1075 31504
1076 2244
1077 12068
1078 7994
1079 28224
1080 21283
1081 28300
1082 27235
1083 12606
1084 3013
1085 1938
1086 22238
1087 18718
1088 31571
1089 24090
1090 10414
1091 28236
1092 25509
1093 6886
1094 14701
1095 21018
1096 20967
1097 16427
1098 2304
1099 12872
1100 27775
1101 22841
1102 30498
1103 4368
1104 1195
1105 5998
1106 3618
1107 11076
1108 15103
1109 2428
1110 35
1111 20267
1112 26018
1113 12992
1114 31568
1115 27503
1116 28413
1117 17683
1118 9431
1119 24251
1120 6988
1121 21223
1122 26495
1123 3230
1124 30559
1125 20204
1126 15221
1127 10274
1128 8251
1129 22733
1130 17073
1131 9783
1132 10394
1133 16306
1134 23953
1135 3494
1136 18114
1137 3097
1138 23541
1139 20357
1140 25891
1141 14684
1142 27705
1143 22526
1144 9195
1145 14508
1146 28984
1147 18330
1148 3267
1149 3113
1150 4264
1151 16881
1152 3316
1153 13086
1154 11236
1155 15997
1156 16541
1157 16004
1158 29702
1159 30838
1160 14682
1161 5760
1162 28422
1163 12372
1164 9579
1165 15049
1166 94
1167 14577
1168 31533
1169 1880
1170 29799
1171 14579
1172 13795
1173 26452
1174 3871
1175 24223
1176 16815
1177 32194
1178 6541
1179 6141
1180 13719
1181 5736
1182 18016
1183 31851
1184 2554
1185 21491
1186 20395
1187 14242
1188 18280
1189 14038
1190 28330
1191 11704
1192 24865
1193 24674
1194 5024
1195 8199
1196 21349
1197 22437
1198 12639
1199 11749
1200 25548
1201 6073
1202 5291
1203 9988
1204 7986
1205 17251
1206 20675
1207 30913
1208 5070
1209 26215
1210 6449
1211 1120
1212 25170
1213 18260
1214 6454
1215 32374
1216 16288
1217 19882
1218 408
1219 30579
1220 20816
1221 3005
1222 25434
1223 20450
1224 18306
1225 22243
1226 28327
1227 29592
1228 22789
1229 2037
1230 8259
1231 24947
1232 4244
1233 991
1234 23451
1235 15822
1236 16812
1237 13659
1238 6443
1239 3222
1240 30095
1241 20381
1242 32228
1243 24366
1244 28515
1245 2922
1246 7972
1247 7456
1248 27264
1249 21034
1250 24525
1251 13453
1252 25062
1253 32436
1254 4550
1255 10901
1256 30433
1257 1082
1258 6271
1259 5575
1260 29141
1261 11306
1262 19217
1263 26882
1264 13409
1265 8884
1266 5037
1267 5622
1268 6523
1269 11176
1270 31729
1271 19308
1272 27507
1273 27669
1274 1169
1275 31131
1276 28224
1277 23748
1278 26550
1279 14506
1280 18147
1281 14822
1282 1244
1283 23933
1284 25634
1285 10572
1286 6527
1287 12756
1288 30592
1289 17186
1290 13551
1291 5291
1292 17386
1293 23406
1294 15505
1295 10201
1296 22279
1297 15413
1298 29362
1299 13346
1300 22859
1301 27987
1302 14473
1303 26249
1304 27699
1305 26173
1306 26690
1307 8976
1308 18988
1309 23096
1310 15826
1311 31923
1312 27590
1313 29199
1314 29098
1315 5441
1316 9155
1317 325
1318 31895
1319 27930
1320 3106
1321 12274
1322 1810
1323 27607
1324 15216
1325 23655
1326 5602
1327 25210
1328 26971
1329 3006
1330 2537
1331 29759
1332 2435
1333 16329
1334 22078
1335 9799
1336 19132
1337 19717
1338 13389
1339 29326
1340 9010
1341 30299
1342 2121
1343 8752
1344 13493
1345 5452
1346 24571
1347 13913
1348 24153
1349 19013
1350 8885
1351 22466
1352 11407
1353 12490
1354 24425
1355 9731
1356 27413
1357 30950
1358 26597
1359 11145
1360 24398
1361 9142
1362 24312
1363 12590
1364 30433
1365 24677
1366 11396
1367 22248
1368 29210
1369 10699
1370 27993
1371 4212
1372 25429
1373 6464
1374 1908
1375 2270
1376 23405
1377 12209
1378 12879
1379 12238
1380 17135
1381 5676
1382 22510
1383 30771
1384 1578
1385 2831
1386 10613
1387 30347
1388 22979
1389 24740
1390 27835
1391 10819
1392 13397
1393 28103
1394 459
1395 1108
1396 20779
1397 3467
1398 23030
1399 32265
1400 8152
1401 16318
1402 5994
1403 29036
1404 8071
1405 12567
1406 1226
1407 9505
1408 21826
1409 11067
1410 20087
1411 16071
1412 20996
1413 16667
1414 8237
1415 9461
1416 2284
1417 32404
1418 20156
1419 25704
1420 6962
1421 4500
1422 16972
1423 20010
1424 476
1425 12390
1426 6503
1427 3978
1428 30295
1429 5227
1430 16291
1431 12641
1432 4265
1433 2955
1434 10290
1435 15662
1436 27090
1437 14087
1438 21469
1439 29602
1440 25430
1441 17279
1442 8842
1443 14972
1444 29742
1445 7619
1446 11136
1447 11109
1448 19849
1449 15114
1450 18211
1451 32396
1452 28686
1453 18250
1454 9795
1455 16718
1456 7138
1457 15297
1458 16298
1459 24084
1460 9165
1461 2496
1462 19426
1463 11691
1464 65
1465 21493
1466 11247
1467 10748
1468 10461
1469 749
1470 25974
1471 30676
1472 21694
1473 18060
1474 23294
1475 10987
1476 31453
1477 31831
1478 31327
1479 17009
1480 23041
1481 20727
1482 11863
1483 10589
1484 19398
1485 27205
1486 30283
1487 2744
1488 2670
1489 28247
1490 28172
1491 7486
1492 30098
1493 26264
1494 18669
1495 1445
1496 28383
1497 18697
1498 15011
1499 16706
1500 8159
1501 3945
1502 1755
1503 17782
1504 2750
1505 3311
1506 20969
1507 24561
1508 5364
1509 21013
1510 13626
1511 9061
1512 31140
1513 10689
1514 27820
1515 27726
1516 7048
1517 15331
1518 22856
1519 18616
1520 30853
1521 8787
1522 6801
1523 22377
1524 24733
1525 6058
1526 19739
1527 26057
1528 11616
1529 7007
1530 15081
1531 21339
1532 6758
1533 21986
1534 3992
1535 25232
1536 1756
1537 9605
1538 32092
1539 19142
1540 22406
1541 24065
1542 23663
1543 21477
1544 12969
1545 21308
1546 25648
1547 18789
1548 21171
1549 14786
1550 8704
1551 26120
1552 19322
1553 24257
1554 3448
1555 7473
1556 18875
1557 18940
1558 545
1559 32021
1560 9732
1561 1507
1562 16420
1563 17802
1564 14473
1565 32687
1566 31783
1567 16867
1568 25148
1569 28268
1570 10843
1571 23359
1572 23031
1573 1021
1574 12205
1575 10723
1576 10375
1577 23596
1578 5821
1579 3630
1580 18580
1581 12665
1582 11470
1583 21007
1584 2057
1585 13448
1586 6767
1587 12830
1588 27811
1589 30899
1590 27627
1591 25505
1592 1935
1593 5113
1594 25002
1595 6306
1596 29273
1597 30114
1598 4359
1599 6598
1600 13127
1601 21417
1602 6678
1603 30382
1604 17259
1605 30516
1606 11605
1607 27298
1608 32596
1609 4814
1610 14532
1611 4528
1612 31421
1613 26103
1614 657
1615 15272
1616 23712
1617 12660
1618 3208
1619 30558
1620 26491
1621 28590
1622 16645
1623 1284
1624 4877
1625 26065
1626 15450
1627 24462
1628 11493
1629 11225
1630 22351
1631 20257
1632 20082
1633 26289
1634 5663
1635 31070
1636 18439
1637 30500
1638 6139
1639 4953
1640 27559
1641 24060
1642 27238
1643 7447
1644 29553
1645 15222
1646 7227
1647 14063
1648 10019
1649 13176
1650 24879
1651 30645
1652 19407
1653 23618
1654 4119
1655 32174
1656 30057
1657 30166
1658 28087
1659 13801
1660 7337
1661 28190
1662 17428
1663 14378
1664 8171
1665 11964
1666 27654
1667 18444
1668 25431
1669 9056
1670 16006
1671 30510
1672 12926
1673 10462
1674 15914
1675 29005
1676 12782
1677 18404
1678 4700
1679 6734
1680 5818
1681 19278
1682 4144
1683 7090
1684 25032
1685 27266
1686 9023
1687 22285
1688 20203
1689 26995
1690 7720
1691 4369
1692 7144
1693 19552
1694 21060
1695 3400
1696 19506
1697 16034
1698 11209
1699 30219
1700 3671
1701 13182
1702 14567
1703 8530
1704 19700
1705 17808
1706 16083
1707 23763
1708 17585
1709 7543
1710 9333
1711 23094
1712 25304
1713 12123
1714 17847
1715 18984
1716 20688
1717 12699
1718 30230
1719 29840
1720 21963
1721 23495
1722 11587
1723 18899
1724 30714
1725 5777
1726 11336
1727 32730
1728 24237
1729 21580
1730 30499
1731 26671
1732 2905
1733 21112
1734 5259
1735 29755
1736 904
1737 8589
1738 25963
1739 31167
1740 13992
1741 8885
1742 16015
1743 29808
1744 12979
1745 25470
1746 4438
1747 18846
1748 22227
1749 207
1750 22181
1751 11431
1752 14246
1753 12496
1754 30927
1755 12157
1756 2819
1757 10765
1758 30463
1759 8737
1760 21497
1761 20916
1762 17082
1763 2253
1764 8413
1765 23577
1766 9163
1767 13162
1768 8901
1769 764
1770 5166
1771 5803
1772 25680
1773 28896
1774 23637
1775 7233
1776 5073
1777 18895
1778 26242
1779 15228
1780 5986
1781 27893
1782 26480
1783 9963
1784 16490
1785 19925
1786 1265
1787 14378
1788 7516
1789 17994
1790 25675
1791 20614
1792 20360
1793 8964
1794 12568
1795 25869
1796 4940
1797 1583
1798 13266
1799 26711
1800 30656
1801 9799
1802 21492
1803 28865
1804 24025
1805 30633
1806 8727
1807 18616
1808 30220
1809 16428
1810 20251
1811 9034
1812 11550
1813 18830
1814 14720
1815 22224
1816 5625
1817 14978
1818 19451
1819 6953
1820 18114
1821 10237
1822 4097
1823 30810
1824 32302
1825 9381
1826 10686
1827 18045
1828 29849
1829 3034
1830 17656
1831 13361
1832 6873
1833 21729
1834 23639
1835 1556
1836 17816
1837 6935
1838 22397
1839 30479
1840 19438
1841 18035
1842 23562
1843 26796
1844 19379
1845 17
1846 4762
1847 31327
1848 11730
1849 4238
1850 8276
1851 16637
1852 27602
1853 17566
1854 15199
1855 5664
1856 14632
1857 11892
1858 28026
1859 6329
1860 20898
1861 9378
1862 11378
1863 7240
1864 3447
1865 13328
1866 11234
1867 18922
1868 32065
1869 23576
1870 20486
1871 31088
1872 1422
1873 25624
1874 3137
1875 12190
1876 26830
1877 28066
1878 19572
1879 10859
1880 30936
1881 30827
1882 26761
1883 15588
1884 20114
1885 8574
1886 31271
1887 18557
1888 17030
1889 4144
1890 867
1891 4294
1892 27019
1893 19286
1894 20180
1895 25915
1896 10920
1897 8589
1898 22457
1899 27184
1900 9904
1901 17165
1902 18370
1903 24170
1904 9706
1905 22826
1906 5032
1907 10592
1908 6715
1909 19153
1910 12473
1911 24513
1912 20126
1913 12442
1914 10871
1915 4483
1916 26020
1917 19501
1918 29373
1919 2741
1920 11316
1921 18724
1922 13760
1923 31208
1924 3169
1925 21211
1926 18626
1927 4137
1928 6091
1929 25431
1930 13934
1931 11049
1932 17836
1933 30146
1934 18092
1935 2929
1936 22078
1937 13009
1938 25536
1939 76
1940 13599
1941 15629
1942 17996
1943 22545
1944 1856
1945 21680
1946 3059
1947 22770
1948 8053
1949 31323
1950 13338
1951 21384
1952 15370
1953 3937
1954 22640
1955 27133
1956 9044
1957 4389
1958 26119
1959 32348
1960 7353
1961 3891
1962 8461
1963 7196
1964 17621
1965 20190
1966 10782
1967 13706
1968 8397
1969 9116
1970 29812
1971 12821
1972 23121
1973 19668
1974 8299
1975 988
1976 8903
1977 24934
1978 10850
1979 15319
1980 21015
1981 4209
1982 6119
1983 2678
1984 26105
1985 29631
1986 24147
1987 25183
1988 4487
1989 22058
1990 5255
1991 31333
1992 22514
1993 3120
1994 18916
1995 19564
1996 32000
1997 25141
1998 24188
1999 16375
2000 13110
2001 26564
2002 12025
2003 9716
2004 23105
2005 5102
2006 7078
2007 24012
2008 18887
2009 31746
2010 2994
2011 4140
2012 4998
2013 28003
2014 14477
2015 28169
2016 11838
2017 13836
2018 569
2019 18781
2020 20749
2021 29402
2022 31075
2023 32346
2024 1609
2025 27067
2026 16245
2027 26608
2028 26745
2029 2531
2030 17856
2031 30999
2032 31339
2033 18894
2034 20834
2035 19525
2036 32036
2037 27434
2038 26627
2039 29253
2040 13972
2041 23229
2042 1180
2043 20808
2044 30722
2045 3168
2046 12659
2047 18757
2048 7287
2049 31323
2050 6073
2051 14750
2052 22331
2053 15703
2054 15094
2055 4987
2056 19533
2057 8331
2058 22561
2059 224
2060 12372
2061 3007
2062 22016
2063 28209
2064 2509
2065 8817
2066 304
2067 11274
2068 28105
2069 25273
2070 12029
2071 16184
2072 5743
2073 6396
2074 1232
2075 6283
2076 2958
2077 17844
2078 29535
2079 4598
2080 2387
2081 19083
2082 13708
2083 16612
2084 2262
2085 22450
2086 11520
2087 5645
2088 979
2089 11773
2090 1403
2091 8904
2092 5349
2093 1019
2094 11766
2095 18067
2096 927
2097 25681
2098 13442
2099 27441
2100 4457
2101 20487
2102 22702
2103 24102
2104 14640
2105 11132
2106 4967
2107 30327
2108 17344
2109 9913
2110 2575
2111 59
2112 20767
2113 9484
2114 27658
2115 15994
2116 645
2117 4613
2118 24632
2119 13414
2120 19747
2121 30098
2122 25398
2123 12014
2124 11958
2125 154
2126 13619
2127 1078
2128 20977
2129 23686
2130 4471
2131 19518
2132 14947
2133 486
2134 30509
2135 29161
2136 6868
2137 11998
2138 5564
2139 13731
2140 15790
2141 7342
2142 15600
2143 20236
2144 28574
2145 4294
2146 31531
2147 8488
2148 88
2149 21536
2150 14363
2151 9401
2152 17349
2153 26608
2154 28872
2155 10313
2156 1529
2157 29737
2158 25998
2159 2032
2160 30079
2161 14993
2162 13783
2163 1622
2164 11332
2165 31816
2166 3765
2167 17011
2168 18145
2169 911
2170 25980
2171 31485
2172 6638
2173 3134
2174 22479
2175 13838
2176 10996
2177 11511
2178 15795
2179 28847
2180 13152
2181 2094
2182 23815
2183 10860
2184 23269
2185 6612
2186 22531
2187 28094
2188 6790
2189 29229
2190 14619
2191 14761
2192 21477
2193 6346
2194 9578
2195 277
2196 18278
2197 10941
2198 5681
2199 6464
2200 2595
2201 23661
2202 16127
2203 445
2204 24314
2205 13207
2206 21284
2207 6866
2208 28856
2209 27876
2210 7119
2211 21026
2212 4652
2213 20118
2214 1046
2215 28876
2216 6585
2217 31752
2218 11344
2219 2021
2220 9631
2221 8895
2222 22299
2223 19859
2224 9053
2225 22305
2226 26432
2227 21454
2228 15637
2229 25496
2230 26754
2231 27409
2232 22082
2233 17774
2234 3330
2235 10934
2236 23495
2237 13991
2238 20053
2239 32166
2240 18436
2241 16582
2242 17113
2243 24113
2244 11024
2245 21472
2246 20484
2247 1217
2248 21410
2249 20632
2250 32342
2251 5799
2252 22011
2253 4805
2254 3734
2255 18524
2256 27862
2257 75
2258 23497
2259 15177
2260 22576
2261 3403
2262 180
2263 24812
2264 27613
2265 8352
2266 10141
2267 25632
2268 7398
2269 5839
2270 9941
2271 3854
2272 6428
2273 9293
2274 28132
2275 20988
2276 10584
2277 8645
2278 16225
2279 15576
2280 22187
2281 20144
2282 24875
2283 7061
2284 8779
2285 17724
2286 3198
2287 29679
2288 4568
2289 20280
2290 6470
2291 29646
2292 13603
2293 13592
2294 3105
2295 3258
2296 19045
2297 858
2298 22992
2299 7344
2300 7302
2301 26928
2302 31989
2303 2228
2304 2598
2305 4117
2306 31225
2307 8180
2308 7277
2309 24522
2310 29956
2311 92
2312 25017
2313 4946
2314 9910
2315 12132
2316 6438
2317 20161
2318 1833
2319 15631
2320 16870
2321 7043
2322 29757
2323 9530
2324 16824
2325 17569
2326 24630
2327 10527
2328 1163
2329 28382
2330 3470
2331 8860
2332 22552
2333 14377
2334 17462
2335 4355
2336 7259
2337 26624
2338 6476
2339 10307
2340 30481
2341 9738
2342 7959
2343 21699
2344 30752
2345 15454
2346 5255
2347 24953
2348 5192
2349 12792
2350 26891
2351 28867
2352 16088
2353 11280
2354 8613
2355 9321
2356 5752
2357 21708
2358 26446
2359 23254
2360 19188
2361 2742
2362 26375
2363 6792
2364 1744
2365 31812
2366 4042
2367 16148
2368 30612
2369 23091
2370 3678
2371 2411
2372 29498
2373 14016
2374 5489
2375 30316
2376 23344
2377 830
2378 7317
2379 13733
2380 5881
2381 27683
2382 11680
2383 13011
2384 2612
2385 1904
2386 9310
2387 28363
2388 2878
2389 16663
2390 29360
2391 15245
2392 20499
2393 13011
2394 6028
2395 4635
2396 31032
2397 2796
2398 17938
2399 1470
2400 17376
2401 30909
2402 27974
2403 16595
2404 14143
2405 25151
2406 13285
2407 19197
2408 21509
2409 21346
2410 7867
2411 15830
2412 31135
2413 27691
2414 11298
2415 19007
2416 18819
2417 32766
2418 19641
2419 11231
2420 6961
2421 22403
2422 2018
2423 23061
2424 26813
2425 1899
2426 14686
2427 7447
2428 6884
2429 13849
2430 31397
2431 2338
2432 22268
2433 487
2434 12328
2435 20571
2436 9330
2437 30376
2438 14336
2439 19615
2440 10898
2441 12134
2442 5778
2443 485
2444 2840
2445 487
2446 14424
2447 22482
2448 27755
2449 15549
2450 24384
2451 4982
2452 27140
2453 23974
2454 2158
2455 8514
2456 14717
2457 6714
2458 30145
2459 7994
2460 25853
2461 23403
2462 1575
2463 2271
2464 15871
2465 1089
2466 5856
2467 8297
2468 5087
2469 21704
2470 21036
2471 27291
2472 13698
2473 6353
2474 354
2475 29493
2476 17580
2477 15657
2478 6784
2479 5920
2480 4997
2481 10508
2482 6454
2483 31974
2484 5458
2485 3501
2486 1953
2487 9291
2488 27524
2489 21465
2490 2240
2491 7943
2492 16484
2493 1050
2494 1820
2495 25106
2496 23868
2497 19941
2498 12781
2499 3183
2500 3691
2501 16987
2502 12285
2503 25796
2504 15101
2505 796
2506 25731
2507 7596
2508 12537
2509 2123
2510 7079
2511 12078
2512 10213
2513 2568
2514 14816
2515 17643
2516 24246
2517 20253
2518 12282
2519 28238
2520 264
2521 32129
2522 27695
2523 23101
2524 5497
2525 31461
2526 6650
2527 4903
2528 13981
2529 11903
2530 18305
2531 3936
2532 5604
2533 25322
2534 13580
2535 186
2536 2277
2537 17316
2538 1657
2539 4444
2540 19594
2541 18695
2542 16212
2543 25774
2544 9866
2545 25984
2546 26209
2547 9645
2548 14949
2549 25
2550 13236
2551 8860
2552 21626
2553 23556
2554 18131
2555 28331
2556 15223
2557 19294
2558 13554
2559 9561
2560 11451
2561 32457
2562 6026
2563 2900
2564 32262
2565 22967
2566 7121
2567 2409
2568 32123
2569 19911
2570 2410
2571 21211
2572 25693
2573 25609
2574 21173
2575 11113
2576 11771
2577 31999
2578 29680
2579 23466
2580 7992
2581 15952
2582 14975
2583 14239
2584 28193
2585 22000
2586 19786
2587 29343
2588 24301
2589 26845
2590 15018
2591 18557
2592 11039
2593 13230
2594 2822
2595 2096
2596 12513
2597 23002
2598 21417
2599 16747
2600 31759
2601 27396
2602 2517
2603 8622
2604 31188
2605 30125
2606 22833
2607 30837
2608 8080
2609 28409
2610 18480
2611 29117
2612 24004
2613 18807
2614 29041
2615 24628
2616 5100
2617 10599
2618 1045
2619 19328
2620 1609
2621 25652
2622 26273
2623 4504
2624 14530
2625 26227
2626 17927
2627 13135
2628 21619
2629 29437
2630 30642
2631 26702
2632 11715
2633 13154
2634 2565
2635 30962
2636 2307
2637 32039
2638 18518
2639 10841
2640 5536
2641 27085
2642 15115
2643 6170
2644 139
2645 21403
2646 3908
2647 2616
2648 347
2649 13460
2650 32510
2651 29890
2652 18007
2653 9866
2654 27092
2655 1412
2656 16690
2657 27026
2658 18194
2659 10080
2660 16486
2661 11651
2662 9154
2663 13979
2664 19450
2665 11249
2666 11767
2667 25072
2668 8062
2669 21440
2670 11661
2671 14420
2672 14553
2673 24347
2674 7874
2675 2472
2676 14831
2677 15269
2678 1593
2679 13300
2680 30659
2681 23397
2682 29450
2683 25871
2684 30314
2685 1794
2686 25345
2687 31210
2688 19328
2689 7069
2690 15907
2691 4925
2692 23464
2693 4044
2694 28816
2695 7244
2696 25835
2697 7826
2698 12435
2699 15117
2700 7480
2701 8902
2702 16738
2703 12563
2704 10532
2705 6000
2706 29083
2707 8230
2708 17556
2709 9185
2710 19371
2711 31194
2712 1381
2713 19322
2714 678
2715 7724
2716 10563
2717 15365
2718 5272
2719 17801
2720 20737
2721 22894
2722 29999
2723 15803
2724 26418
2725 21290
2726 10382
2727 23699
2728 3231
2729 14912
2730 26747
2731 5394
2732 28805
2733 23824
2734 31822
2735 4113
2736 31107
2737 25777
2738 23788
2739 18438
2740 9987
2741 4501
2742 1948
2743 23273
2744 11362
2745 12476
2746 11915
2747 29737
2748 30852
2749 26518
2750 508
2751 25796
2752 20936
2753 16678
2754 26422
2755 17115
2756 27435
2757 12657
2758 15763
2759 17724
2760 9992
2761 11198
2762 4076
2763 8549
2764 6605
2765 4377
2766 20546
2767 17733
2768 21514
2769 3743
2770 18063
2771 11989
2772 31905
2773 1289
2774 13814
2775 19002
2776 23705
2777 32537
2778 24900
2779 25444
2780 5124
2781 28141
2782 6991
2783 363
2784 28675
2785 11342
2786 29931
2787 15213
2788 4109
2789 29789
2790 19506
2791 7908
2792 14278
2793 26607
2794 10615
2795 4574
2796 16508
2797 19812
2798 3072
2799 11716
2800 26598
2801 2567
2802 10142
2803 8593
2804 27294
2805 23574
2806 22672
2807 10833
2808 20314
2809 21989
2810 21896
2811 30375
2812 27604
2813 19554
2814 28164
2815 2390
2816 2895
2817 18914
2818 28216
2819 26892
2820 13788
2821 18776
2822 24004
2823 18776
2824 31791
2825 10595
2826 21593
2827 28136
2828 17624
2829 29408
2830 29703
2831 19267
2832 23067
2833 24042
2834 19465
2835 8309
2836 11923
2837 30540
2838 18548
2839 22586
2840 119
2841 13815
2842 8835
2843 29020
2844 32072
2845 22240
2846 15978
2847 19384
2848 26435
2849 6655
2850 1466
2851 16077
2852 20225
2853 1293
2854 25502
2855 29371
2856 12323
2857 456
2858 9642
2859 28229
2860 15284
2861 32659
2862 11257
2863 13415
2864 30743
2865 19699
2866 11576
2867 32474
2868 24912
2869 28830
2870 14862
2871 11719
2872 15518
2873 22307
2874 25822
2875 18763
2876 3125
2877 9636
2878 3233
2879 25746
2880 24230
2881 13955
2882 3796
2883 9175
2884 6325
2885 19796
2886 27840
2887 2696
2888 9091
2889 6632
2890 31358
2891 1132
2892 31952
2893 6683
2894 14547
2895 17297
2896 6604
2897 27952
2898 12842
2899 11704
2900 13935
2901 232
2902 17082
2903 31376
2904 23271
2905 9865
2906 15903
2907 5928
2908 6709
2909 12392
2910 14858
2911 11052
2912 32557
2913 5466
2914 8404
2915 23274
2916 25605
2917 23803
2918 5636
2919 13715
2920 25178
2921 11946
2922 25539
2923 18871
2924 13195
2925 15828
2926 24403
2927 28468
2928 32462
2929 14816
2930 20753
2931 991
2932 19642
2933 28954
2934 8612
2935 17861
2936 17616
2937 3817
2938 6940
2939 4037
2940 2402
2941 22436
2942 3190
2943 23502
2944 24443
2945 24988
2946 26865
2947 17518
2948 27452
2949 2526
2950 9030
2951 8158
2952 20879
2953 12595
2954 14669
2955 6232
2956 30171
2957 7338
2958 877
2959 11161
2960 5374
2961 24172
2962 10625
2963 3468
2964 6615
2965 7491
2966 29849
2967 13315
2968 665
2969 12475
2970 31201
2971 27343
2972 463
2973 3709
2974 29788
2975 28962
2976 14955
2977 29883
2978 16875
2979 25627
2980 24561
2981 4855
2982 26275
2983 1654
2984 25340
2985 15495
2986 4264
2987 18335
2988 21541
2989 5581
2990 31845
2991 6976
2992 18529
2993 4498
2994 23319
2995 6328
2996 9418
2997 28363
2998 30126
2999 9475
3000 8095
3001 15722
3002 11257
3003 17025
3004 19518
3005 8431
3006 25270
3007 24754
3008 1596
3009 4157
3010 27269
3011 26645
3012 4766
3013 7848
3014 20063
3015 2352
3016 25132
3017 28623
3018 22554
3019 18205
3020 3500
3021 25165
3022 1770
3023 7538
3024 29245
3025 20589
3026 19797
3027 18795
3028 27978
3029 25957
3030 5708
3031 1884
3032 20811
3033 25896
3034 29679
3035 2577
3036 11780
3037 22208
3038 30969
3039 337
3040 13621
3041 27537
3042 12903
3043 17168
3044 2312
3045 6276
3046 15578
3047 19920
3048 13235
3049 29495
3050 15587
3051 9027
3052 11695
3053 3729
3054 9388
3055 28212
3056 21136
3057 3261
3058 3076
3059 4055
3060 2487
3061 9405
3062 11253
3063 12369
3064 18726
3065 10650
3066 25278
3067 27190
3068 22952
3069 31732
3070 28846
3071 23186
3072 25072
3073 11055
3074 27257
3075 838
3076 11329
3077 12142
3078 7067
3079 9765
3080 3459
3081 17071
3082 8741
3083 29536
3084 16854
3085 4332
3086 6721
3087 27836
